20161111142526
20161111153018
20161111153426
20161111154220
20161111154755
20161111155010
20161111155534
20161111155935
20161111160040
20161111160302
20161111160413
20161111161303
20161111170005
20161111171153
20161111171345
20161111171719
20161111171810
20161111172032
20161111172438
20161111173521
20161111173904
20161111174303
20161111174708
20161111180407
20161111180612
20161111183148
20161111183944
20161114091546
20161114100017
20161114104346
20161114105019
20161114105211
20161114105409
20161114105633
20161114110044
20161114110530
20161114110553
